+----------------------------------------------------------------------------------------------------+
|                        Covid-19 data for singapore collected on :2020-05-13                        |
+------------+------------------------+-------------------------+-----------------+------------------+
|    Date    | Daily cumulative cases | Daily cumulative deaths | Daily new cases | Daily new deaths |
+------------+------------------------+-------------------------+-----------------+------------------+
| 2020-01-22 |          0.0           |            0            |        0        |        0         |
| 2020-01-23 |          1.0           |            0            |       1.0       |        0         |
| 2020-01-24 |          3.0           |            0            |       2.0       |        0         |
| 2020-01-25 |          3.0           |            0            |       0.0       |        0         |
| 2020-01-26 |          4.0           |            0            |       1.0       |        0         |
| 2020-01-27 |          5.0           |            0            |       1.0       |        0         |
| 2020-01-28 |          7.0           |            0            |       2.0       |        0         |
| 2020-01-29 |          7.0           |            0            |       0.0       |        0         |
| 2020-01-30 |          10.0          |            0            |       3.0       |        0         |
| 2020-01-31 |          13.0          |            0            |       3.0       |        0         |
| 2020-02-1  |          16.0          |            0            |       3.0       |        0         |
| 2020-02-2  |          18.0          |            0            |       2.0       |        0         |
| 2020-02-3  |          18.0          |            0            |       0.0       |        0         |
| 2020-02-4  |          24.0          |            0            |       6.0       |        0         |
| 2020-02-5  |          28.0          |            0            |       4.0       |        0         |
| 2020-02-6  |          28.0          |            0            |       0.0       |        0         |
| 2020-02-7  |          30.0          |            0            |       2.0       |        0         |
| 2020-02-8  |          33.0          |            0            |       3.0       |        0         |
| 2020-02-9  |          40.0          |            0            |       7.0       |        0         |
| 2020-02-10 |          45.0          |            0            |       5.0       |        0         |
| 2020-02-11 |          47.0          |            0            |       2.0       |        0         |
| 2020-02-12 |          50.0          |            0            |       3.0       |        0         |
| 2020-02-13 |          58.0          |            0            |       8.0       |        0         |
| 2020-02-14 |          67.0          |            0            |       9.0       |        0         |
| 2020-02-15 |          72.0          |            0            |       5.0       |        0         |
| 2020-02-16 |          75.0          |            0            |       3.0       |        0         |
| 2020-02-17 |          77.0          |            0            |       2.0       |        0         |
| 2020-02-18 |          81.0          |            0            |       4.0       |        0         |
| 2020-02-19 |          84.0          |            0            |       3.0       |        0         |
| 2020-02-20 |          84.0          |            0            |       0.0       |        0         |
| 2020-02-21 |          85.0          |            0            |       1.0       |        0         |
| 2020-02-22 |          85.0          |            0            |       0.0       |        0         |
| 2020-02-23 |          89.0          |            0            |       4.0       |        0         |
| 2020-02-24 |          89.0          |            0            |       0.0       |        0         |
| 2020-02-25 |          91.0          |            0            |       2.0       |        0         |
| 2020-02-26 |          93.0          |            0            |       2.0       |        0         |
| 2020-02-27 |          93.0          |            0            |       0.0       |        0         |
| 2020-02-28 |          93.0          |            0            |       0.0       |        0         |
| 2020-02-29 |         102.0          |            0            |       9.0       |        0         |
| 2020-03-1  |         106.0          |            0            |       4.0       |        0         |
| 2020-03-2  |         108.0          |            0            |       2.0       |        0         |
| 2020-03-3  |         110.0          |            0            |       2.0       |        0         |
| 2020-03-4  |         110.0          |            0            |       0.0       |        0         |
| 2020-03-5  |         117.0          |            0            |       7.0       |        0         |
| 2020-03-6  |         130.0          |            0            |       13.0      |        0         |
| 2020-03-7  |         138.0          |            0            |       8.0       |        0         |
| 2020-03-8  |         150.0          |            0            |       12.0      |        0         |
| 2020-03-9  |         150.0          |            0            |       0.0       |        0         |
| 2020-03-10 |         160.0          |            0            |       10.0      |        0         |
| 2020-03-11 |         178.0          |            0            |       18.0      |        0         |
| 2020-03-12 |         187.0          |            0            |       9.0       |        0         |
| 2020-03-13 |         200.0          |            0            |       13.0      |        0         |
| 2020-03-14 |         212.0          |            0            |       12.0      |        0         |
| 2020-03-15 |         226.0          |            0            |       14.0      |        0         |
| 2020-03-16 |         243.0          |            0            |       17.0      |        0         |
| 2020-03-17 |         266.0          |            0            |       23.0      |        0         |
| 2020-03-18 |         313.0          |            0            |       47.0      |        0         |
| 2020-03-19 |         345.0          |            0            |       32.0      |        0         |
| 2020-03-20 |         385.0          |            0            |       40.0      |        0         |
| 2020-03-21 |         432.0          |           2.0           |       47.0      |        0         |
| 2020-03-22 |         455.0          |           2.0           |       23.0      |       0.0        |
| 2020-03-23 |         509.0          |           2.0           |       54.0      |       0.0        |
| 2020-03-24 |         558.0          |           2.0           |       49.0      |       0.0        |
| 2020-03-25 |         631.0          |           2.0           |       73.0      |       0.0        |
| 2020-03-26 |         683.0          |           2.0           |       52.0      |       0.0        |
| 2020-03-27 |         732.0          |           2.0           |       49.0      |       0.0        |
| 2020-03-28 |         802.0          |           2.0           |       70.0      |       0.0        |
| 2020-03-29 |         844.0          |           3.0           |       42.0      |       1.0        |
| 2020-03-30 |         879.0          |           3.0           |       35.0      |       0.0        |
| 2020-03-31 |         926.0          |           3.0           |       47.0      |       0.0        |
| 2020-04-01 |         1000.0         |           3.0           |       74.0      |       0.0        |
| 2020-04-02 |         1049.0         |           4.0           |       49.0      |       1.0        |
| 2020-04-03 |         1114.0         |           5.0           |       65.0      |       1.0        |
| 2020-04-04 |         1189.0         |           6.0           |       75.0      |       1.0        |
| 2020-04-05 |         1309.0         |           6.0           |      120.0      |       0.0        |
| 2020-04-06 |         1375.0         |           6.0           |       66.0      |       0.0        |
| 2020-04-07 |         1481.0         |           6.0           |      106.0      |       0.0        |
| 2020-04-08 |         1623.0         |           6.0           |      142.0      |       0.0        |
| 2020-04-09 |         1910.0         |           6.0           |      287.0      |       0.0        |
| 2020-04-10 |         2108.0         |           7.0           |      198.0      |       1.0        |
| 2020-04-11 |         2299.0         |           8.0           |      191.0      |       1.0        |
| 2020-04-12 |         2532.0         |           8.0           |      233.0      |       0.0        |
| 2020-04-13 |         2918.0         |           9.0           |      386.0      |       1.0        |
| 2020-04-14 |         3252.0         |           10.0          |      334.0      |       1.0        |
| 2020-04-15 |         3699.0         |           10.0          |      447.0      |       0.0        |
| 2020-04-16 |         4427.0         |           10.0          |      728.0      |       0.0        |
| 2020-04-17 |         5050.0         |           11.0          |      623.0      |       1.0        |
| 2020-04-18 |         5992.0         |           11.0          |      942.0      |       0.0        |
| 2020-04-19 |         6588.0         |           11.0          |      596.0      |       0.0        |
| 2020-04-20 |         8014.0         |           11.0          |      1426.0     |       0.0        |
| 2020-04-21 |         9125.0         |           11.0          |      1111.0     |       0.0        |
| 2020-04-22 |        10141.0         |           12.0          |      1016.0     |       1.0        |
| 2020-04-23 |        11178.0         |           12.0          |      1037.0     |       0.0        |
| 2020-04-24 |        12075.0         |           12.0          |      897.0      |       0.0        |
| 2020-04-25 |        12693.0         |           12.0          |      618.0      |       0.0        |
| 2020-04-26 |        13624.0         |           12.0          |      931.0      |       0.0        |
+------------+------------------------+-------------------------+-----------------+------------------+