+----------------------------------------------------------------------------------------------------+
|                       Covid-19 data for southkorea collected on :2020-05-13                        |
+------------+------------------------+-------------------------+-----------------+------------------+
|    Date    | Daily cumulative cases | Daily cumulative deaths | Daily new cases | Daily new deaths |
+------------+------------------------+-------------------------+-----------------+------------------+
| 2020-01-20 |          1.0           |            0            |        0        |        0         |
| 2020-01-24 |          2.0           |            0            |       1.0       |        0         |
| 2020-01-25 |          2.0           |            0            |       0.0       |        0         |
| 2020-01-26 |          3.0           |            0            |       1.0       |        0         |
| 2020-01-27 |          4.0           |            0            |       1.0       |        0         |
| 2020-01-30 |          6.0           |            0            |       2.0       |        0         |
| 2020-01-31 |          11.0          |            0            |       5.0       |        0         |
| 2020-02-01 |          12.0          |            0            |       1.0       |        0         |
| 2020-02-02 |          15.0          |            0            |       3.0       |        0         |
| 2020-02-03 |          15.0          |            0            |       0.0       |        0         |
| 2020-02-04 |          16.0          |            0            |       1.0       |        0         |
| 2020-02-05 |          19.0          |            0            |       3.0       |        0         |
| 2020-02-06 |          23.0          |            0            |       4.0       |        0         |
| 2020-02-07 |          24.0          |            0            |       1.0       |        0         |
| 2020-02-08 |          24.0          |            0            |       0.0       |        0         |
| 2020-02-09 |          27.0          |            0            |       3.0       |        0         |
| 2020-02-10 |          27.0          |            0            |       0.0       |        0         |
| 2020-02-11 |          28.0          |            0            |       1.0       |        0         |
| 2020-02-12 |          28.0          |            0            |       0.0       |        0         |
| 2020-02-13 |          28.0          |            0            |       0.0       |        0         |
| 2020-02-14 |          28.0          |            0            |       0.0       |        0         |
| 2020-02-15 |          28.0          |            0            |       0.0       |        0         |
| 2020-02-16 |          29.0          |            0            |       1.0       |        0         |
| 2020-02-17 |          30.0          |            0            |       1.0       |        0         |
| 2020-02-18 |          31.0          |            0            |       1.0       |        0         |
| 2020-02-19 |          51.0          |            0            |       20.0      |        0         |
| 2020-02-20 |         104.0          |           1.0           |       53.0      |        0         |
| 2020-02-21 |         204.0          |           2.0           |      100.0      |       1.0        |
| 2020-02-22 |         433.0          |           2.0           |      229.0      |       0.0        |
| 2020-02-23 |         602.0          |           4.0           |      169.0      |       2.0        |
| 2020-02-24 |         833.0          |           7.0           |      231.0      |       3.0        |
| 2020-02-25 |         977.0          |           10.0          |      144.0      |       3.0        |
| 2020-02-26 |         1261.0         |           12.0          |      284.0      |       2.0        |
| 2020-02-27 |         1766.0         |           13.0          |      505.0      |       1.0        |
| 2020-02-28 |         2337.0         |           13.0          |      571.0      |       0.0        |
| 2020-02-29 |         3150.0         |           17.0          |      813.0      |       4.0        |
| 2020-03-01 |         4212.0         |           22.0          |      1062.0     |       5.0        |
| 2020-03-02 |         4812.0         |           28.0          |      600.0      |       6.0        |
| 2020-03-03 |         5328.0         |           32.0          |      516.0      |       4.0        |
| 2020-03-04 |         5766.0         |           35.0          |      438.0      |       3.0        |
| 2020-03-05 |         6284.0         |           42.0          |      518.0      |       7.0        |
| 2020-03-06 |         6767.0         |           44.0          |      483.0      |       2.0        |
| 2020-03-07 |         7134.0         |           50.0          |      367.0      |       6.0        |
| 2020-03-08 |         7382.0         |           51.0          |      248.0      |       1.0        |
| 2020-03-09 |         7513.0         |           54.0          |      131.0      |       3.0        |
| 2020-03-10 |         7755.0         |           60.0          |      242.0      |       6.0        |
| 2020-03-11 |         7869.0         |           66.0          |      114.0      |       6.0        |
| 2020-03-12 |         7979.0         |           67.0          |      110.0      |       1.0        |
| 2020-03-13 |         8086.0         |           72.0          |      107.0      |       5.0        |
| 2020-03-14 |         8162.0         |           75.0          |       76.0      |       3.0        |
| 2020-03-15 |         8236.0         |           75.0          |       74.0      |       0.0        |
| 2020-03-16 |         8320.0         |           81.0          |       84.0      |       6.0        |
| 2020-03-17 |         8413.0         |           84.0          |       93.0      |       3.0        |
| 2020-03-18 |         8565.0         |           91.0          |      152.0      |       7.0        |
| 2020-03-19 |         8652.0         |           94.0          |       87.0      |       3.0        |
| 2020-03-20 |         8799.0         |          102.0          |      147.0      |       8.0        |
| 2020-03-21 |         8897.0         |          104.0          |       98.0      |       2.0        |
| 2020-03-22 |         8961.0         |          111.0          |       64.0      |       7.0        |
| 2020-03-23 |         9037.0         |          120.0          |       76.0      |       9.0        |
| 2020-03-24 |         9137.0         |          126.0          |      100.0      |       6.0        |
| 2020-03-25 |         9241.0         |          131.0          |      104.0      |       5.0        |
| 2020-03-26 |         9332.0         |          139.0          |       91.0      |       8.0        |
| 2020-03-27 |         9478.0         |          144.0          |      146.0      |       5.0        |
| 2020-03-28 |         9583.0         |          152.0          |      105.0      |       8.0        |
| 2020-03-29 |         9661.0         |          158.0          |       78.0      |       6.0        |
| 2020-03-30 |         9786.0         |          162.0          |      125.0      |       4.0        |
| 2020-03-31 |         9887.0         |          165.0          |      101.0      |       3.0        |
| 2020-04-01 |         9976.0         |          169.0          |       89.0      |       4.0        |
| 2020-04-02 |        10062.0         |          174.0          |       86.0      |       5.0        |
| 2020-04-03 |        10156.0         |          177.0          |       94.0      |       3.0        |
| 2020-04-04 |        10237.0         |          183.0          |       81.0      |       6.0        |
| 2020-04-05 |        10284.0         |          186.0          |       47.0      |       3.0        |
| 2020-04-06 |        10331.0         |          192.0          |       47.0      |       6.0        |
| 2020-04-07 |        10384.0         |          200.0          |       53.0      |       8.0        |
| 2020-04-08 |        10423.0         |          204.0          |       39.0      |       4.0        |
| 2020-04-09 |        10450.0         |          208.0          |       27.0      |       4.0        |
| 2020-04-10 |        10480.0         |          211.0          |       30.0      |       3.0        |
| 2020-04-11 |        10512.0         |          214.0          |       32.0      |       3.0        |
| 2020-04-12 |        10537.0         |          217.0          |       25.0      |       3.0        |
| 2020-04-13 |        10564.0         |          222.0          |       27.0      |       5.0        |
| 2020-04-14 |        10591.0         |          225.0          |       27.0      |       3.0        |
| 2020-04-15 |        10613.0         |          229.0          |       22.0      |       4.0        |
| 2020-04-16 |        10635.0         |          230.0          |       22.0      |       1.0        |
| 2020-04-17 |        10653.0         |          232.0          |       18.0      |       2.0        |
| 2020-04-18 |        10661.0         |          234.0          |       8.0       |       2.0        |
| 2020-04-19 |        10674.0         |          236.0          |       13.0      |       2.0        |
| 2020-04-20 |        10683.0         |          237.0          |       9.0       |       1.0        |
| 2020-04-21 |        10694.0         |          238.0          |       11.0      |       1.0        |
| 2020-04-22 |        10702.0         |          240.0          |       8.0       |       2.0        |
| 2020-04-23 |        10708.0         |          240.0          |       6.0       |       0.0        |
| 2020-04-24 |        10718.0         |          240.0          |       10.0      |       0.0        |
| 2020-04-25 |        10728.0         |          242.0          |       10.0      |       2.0        |
| 2020-04-26 |        10738.0         |          243.0          |       10.0      |       1.0        |
+------------+------------------------+-------------------------+-----------------+------------------+